0.0
0.0
0.0
0.0
0.0
0.0
0.0
0.0
0.0
0.0
0.0
0.0
0.0
0.0
0.0
0.0
0.0
0.0
0.0
0.0
0.0
0.0
0.0
0.0
0.0
0.0
0.0
0.0
0.0
0.0
0.0
0.0
0.0
0.0
0.0
0.0
0.0
0.0
0.0
0.0
0.0
0.0
0.0
0.0
0.0
0.0
0.0
0.0
0.0
0.0
0.0
0.0
0.0
0.0
0.0
0.0
0.0
0.0
0.0
0.0
0.0
0.0
0.0
0.0
0.0
0.0
0.0
0.0
0.0
0.0
0.0
0.0
0.0
0.0
0.0
0.0
0.0
0.0
0.0
0.0
0.0
0.0
0.0
0.0
0.0
0.0
0.0
0.0
0.0
0.0
0.0
0.0
0.0
0.0
0.0
0.0
0.0
0.0
0.0
0.0
19568.800136845053
19568.800136845053
20829.921745367294
20829.921745367294
36873.96696742455
36873.96696742455
39851.98088564937
39851.98088564937
41919.63455530101
41919.63455530101
43626.04953422638
43626.04953422638
43831.8342136033
43831.8342136033
46946.18381472042
46946.18381472042
48710.94830104728
48710.94830104728
48761.191343786595
48761.191343786595
48857.11912074274
48857.11912074274
48900.580955581354
48900.580955581354
49616.91630400596
49616.91630400596
49922.62834825744
49922.62834825744
50076.683918874616
50076.683918874616
50334.5485962051
50334.5485962051
50968.60158689015
50968.60158689015
51242.47147986122
51242.47147986122
52065.83404515988
52065.83404515988
52933.81415535109
52933.81415535109
53024.60535921218
53024.60535921218
53027.94180461327
53027.94180461327
53629.70293515897
53629.70293515897
54051.82678136785
54051.82678136785
54052.59245254989
54052.59245254989
54368.46089369564
54368.46089369564
54537.998143955076
54537.998143955076
55061.72814527305
55061.72814527305
55657.01956441367
55657.01956441367
55778.13720313873
55778.13720313873
55784.901196108636
55784.901196108636
55916.42264203898
55916.42264203898
56198.46765332689
56198.46765332689
56343.733508994126
56343.733508994126
56864.23609378954
56864.23609378954
56935.16069431554
56935.16069431554
57207.11300320313
57207.11300320313
57381.38304204972
57381.38304204972
57837.48898255984
57837.48898255984
57849.41182971867
57849.41182971867
57892.945336123455
57892.945336123455
58554.5325497221
58554.5325497221
58602.502842168215
58602.502842168215
58731.57902161165
58731.57902161165
58797.90863515277
58797.90863515277
59087.52483787955
59087.52483787955
59357.8865911348
59357.8865911348
59876.33570871596
59876.33570871596
60241.396770458596
60241.396770458596
60951.59771487869
60951.59771487869
61331.200595469665
61331.200595469665
61981.088665886506
61981.088665886506
62069.22336422663
62069.22336422663
62375.22823908923
62375.22823908923
62462.657719755785
62462.657719755785
62501.268757614314
62501.268757614314
62610.85752435094
62610.85752435094
62657.62044589946
62657.62044589946
62951.024284455394
62951.024284455394
63078.60939827802
63078.60939827802
63238.15253014378
63238.15253014378
63275.91904809734
63275.91904809734
63567.62687592364
63567.62687592364
63830.14659075019
63830.14659075019
64026.05515278183
64026.05515278183
64217.19077543801
64217.19077543801
64286.66769263193
64286.66769263193
64316.63195281529
64316.63195281529
64359.09675081103
64359.09675081103
64591.434720993
64591.434720993
64894.02233705935
64894.02233705935
65665.9487164343
65665.9487164343
65719.16396383579
65719.16396383579
65883.58298568898
65883.58298568898
66298.8495919383
66298.8495919383
66770.57857911922
66770.57857911922
66776.34152776495
66776.34152776495
66817.14028724434
66817.14028724434
67322.13015997643
67322.13015997643
67326.45381489665
67326.45381489665
67535.09522467726
67535.09522467726
67577.83554897856
67577.83554897856
67616.06901475068
67616.06901475068
67639.60967596229
67639.60967596229
67672.85478432343
67672.85478432343
67704.98745736416
67704.98745736416
67735.3334452387
67735.3334452387
68076.43824578373
68076.43824578373
68104.56146485858
68104.56146485858
68143.91002025377
68143.91002025377
68238.49377754268
68238.49377754268
68683.45985983833
68683.45985983833
69069.52997191157
69069.52997191157
69116.02632163835
69116.02632163835
69291.34645242793
69291.34645242793
69592.33594183432
69592.33594183432
69780.93426548099
69780.93426548099
69876.63660464146
69876.63660464146
69919.71417857357
69919.71417857357
70090.22804378146
70090.22804378146
70254.80393764515
70254.80393764515
70300.23926668882
70300.23926668882
70319.18721612643
70319.18721612643
70342.28432746214
70342.28432746214
70433.84644809486
70433.84644809486
70743.33638532086
70743.33638532086
70816.70135102201
70816.70135102201
71021.8979804345
71021.8979804345
71226.81083821552
71226.81083821552
71237.17718513099
71237.17718513099
71326.77904029841
71326.77904029841
71355.80079198818
71355.80079198818
71684.83118462168
71684.83118462168
71714.34352454111
71714.34352454111
71911.13944258762
71911.13944258762
71970.37564869899
71970.37564869899
72085.3370067393
72085.3370067393
72406.35076974274
72406.35076974274
72580.94182224118
72580.94182224118
72625.40153707197
72625.40153707197
72722.83669286415
72722.83669286415
72724.27908722521
72724.27908722521
72773.13436655862
72773.13436655862
72782.42087807445
72782.42087807445
72859.21536639082
72859.21536639082
72948.5869925127
72948.5869925127
72967.48423411249
72967.48423411249
72986.3851244307
72986.3851244307
72998.58074288219
72998.58074288219
73342.79057631342
73342.79057631342
73557.61809465553
73557.61809465553
73639.60444768428
73901.32494402498
73901.32494402498
73935.04684330236
73935.04684330236
73948.88313003155
73948.88313003155
74286.75889923399
74286.75889923399
74328.39992124352
74328.39992124352
74579.14284409146
74579.14284409146
74826.80350104843
74826.80350104843
75015.61538171947
75015.61538171947
75108.13612393317
75108.13612393317
75217.9299146274
75217.9299146274
75284.66702320814
75284.66702320814
75408.67176937405
75408.67176937405
75533.76295247975
75533.76295247975
75549.02745894353
75549.02745894353
75712.40580308322
75712.40580308322
75822.06650130049
75822.06650130049
76169.07581736958
76169.07581736958
76482.13370008593
76482.13370008593
76688.19787057911
76688.19787057911
76722.87482145833
76722.87482145833
76740.0360961072
76740.0360961072
76794.53193471156
76794.53193471156
76843.11798878659
76843.11798878659
76976.06549646721
77007.7848723736
77007.7848723736
77036.95187641283
77036.95187641283
77299.34302265951
77299.34302265951
77378.20756002731
77378.20756002731
77427.60818211651
77427.60818211651
77519.91534059227
77519.91534059227
77631.95439357884
77631.95439357884
77655.4882311118
77655.4882311118
77886.59694116854
78035.43391276833
78035.43391276833
78042.36145502662
78042.36145502662
78366.14024972143
78366.14024972143
78754.01508449313
78754.01508449313
78803.4511930537
78803.4511930537
78879.45585303739
78879.45585303739
79080.94094493463
79080.94094493463
79184.5154431902
79184.5154431902
79370.50550332616
79468.75171119544
79468.75171119544
79560.01082949877
79560.01082949877
79660.30937886552
79660.30937886552
79847.87555837611
79847.87555837611
80004.08431629503
80004.08431629503
80129.37640106812
80129.37640106812
80225.94155670963
80292.90266665354
80292.90266665354
80661.84526800255
80661.84526800255
80920.01526434445
80920.01526434445
80988.54986832064
80988.54986832064
81119.50076377396
81171.90150113236
81563.22408751586
81563.22408751586
81587.03119958317
81662.4041441267
81727.48783921146
81727.48783921146
81757.46447621386
81774.7378346078
81849.52567307546
81849.52567307546
81886.22857481103
82028.20787199223
82028.20787199223
82275.7775150524
82275.7775150524
82320.19947517088
82320.19947517088
82417.97932612574
82417.97932612574
82424.42492346745
82424.42492346745
82477.84892718664
82477.84892718664
82533.38831722797
82544.09394067162
82689.4811590304
82689.4811590304
82780.65123137929
82780.65123137929
82806.17056476949
82806.17056476949
82832.28294218458
82832.28294218458
82936.02199723954
82936.02199723954
82960.08223328143
82960.08223328143
83065.39293780744
83065.39293780744
83114.59285978113
83114.59285978113
83340.27883728054
83535.64965960945
83762.89210725063
83762.89210725063
83774.56601167066
84060.95076429714
84060.95076429714
84488.19664102023
84652.4124234915
84652.4124234915
84848.16390110523
84948.97149468967
84948.97149468967
85012.09628158438
85012.09628158438
85367.12007152435
85367.12007152435
85385.35444906476
85385.35444906476
85385.88539621534
85385.88539621534
85425.53552239043
85425.53552239043
85512.74679798016
85512.74679798016
85594.33954338639
85784.50471448539
85877.95191001886
85877.95191001886
86139.4981494399
86139.4981494399
86192.43435636147
86203.25252259156
86203.25252259156
86323.25599951291
86323.25599951291
86340.88156758706
86340.88156758706
86482.6825062583
86515.54921279397
86558.82812776988
86558.82812776988
86728.02976588687
86728.02976588687
86916.97525301459
86921.41545525249
86921.41545525249
86977.11692727265
86977.11692727265
87091.0516730689
87091.0516730689
87597.75101068176
87597.75101068176
87675.78275978513
87725.02086279134
87725.02086279134
87759.35973752574
87759.35973752574
88030.73010729383
88030.73010729383
88149.74338119189
88156.87381971546
88156.87381971546
88233.85334866979
88242.31991225798
88254.13205910019
88275.58793245783
88275.58793245783
88280.15384915589
88280.15384915589
88291.04309843533
88291.04309843533
88396.63130111048
88639.24763482573
88712.66564621525
88761.14580908667
88773.66422357183
88868.06292410952
88905.72448845442
88905.72448845442
89029.38713757903
89092.17060682879
89121.01944854352
89121.01944854352
89129.18208613958
89444.12829553512
89450.24349813306
89452.83642268623
89452.83642268623
89461.29370887158
89461.29370887158
89524.7147501306
89524.7147501306
89636.90060660559
89643.80432480383
89643.80432480383
89680.45656747065
89682.22435638143
89693.69169796765
89896.47428129011
89951.72330640609
90267.88462333694
90267.88462333694
90335.4974198677
90633.26618451941
90633.26618451941
90643.49736525158
90643.49736525158
90692.08545544585
90692.08545544585
90746.44200159507
90746.44200159507
90785.2851335792
90785.2851335792
90923.29509240112
91254.69448960891
91282.56526908396
91283.9147736024
91637.43461964751
91637.43461964751
91671.84776918429
91671.84776918429
91879.98200879814
92038.58941609395
92086.87683213108
92116.38002260379
92116.38002260379
92133.8106783441
92200.92195776086
92380.77373517153
92380.77373517153
92518.24203725715
92539.40229514742
92693.1911977848
92807.84787506372
92807.84787506372
92826.28933011551
92842.23240281374
92897.10386386937
92897.10386386937
92934.38074920214
92939.69597837051
92939.69597837051
93063.15079356814
93116.62024294226
93116.62024294226
93348.96900770397
93436.84629258237
93534.44074136528
93633.30019236756
93633.30019236756
93643.60212709737
93648.60211722658
93743.36280448434
93867.72758653645
93867.72758653645
93970.48337103326
93991.83091779026
94014.01835879602
94050.99913606662
94287.39730161004
94325.93745523141
94325.93745523141
94439.81619385735
94439.81619385735
94481.81330282
94540.59402842677
94540.59402842677
94602.7016400335
94797.50239437717
95211.8212495041
95293.97792370248
95295.38850808865
95348.89991840131
95575.96087893762
95786.83136577909
95926.84824644723
95927.00344435596
95927.00344435596
95938.75148666414
96031.24886462517
96271.69350517663
96347.7817853191
96347.7817853191
96362.1735059539
96362.1735059539
96470.64588952655
96546.17756632325
96597.99023413025
96715.7109415614
96763.42145149299
96763.42145149299
96776.46235555259
96786.39355141726
96886.60449999425
97074.60054592126
97074.60054592126
97090.99344069019
97090.99344069019
97092.45077173709
97266.50746509008
97266.50746509008
97306.82788248337
97534.58010220007
97537.49301618821
97542.21713724741
97542.21713724741
97585.66853076745
97585.66853076745
97678.45489465797
97834.93483597769
97834.93483597769
97948.07005140667
97955.57758583964
98063.60041240211
98063.60041240211
98069.04372746349
98163.20036442971
98170.87908845137
98484.54802333665
98508.69111646245
98508.69111646245
98554.34838428386
98601.95088906595
98652.59926214979
98752.1524233214
98960.65813927427
98961.76927565775
99177.22924626204
99389.6269830943
99528.16337401311
100042.5220145178
100042.5220145178
100070.40358048338
100087.00030487165
100111.76301091733
100339.20332889183
100383.67751474708
100481.44244406291
100481.44244406291
100688.4406130983
101101.09823257293
101145.97184870346
101151.05929403141
101211.58849733559
101241.29915251596
101280.00811267734
101448.2174166471
101703.81195277628
101908.58394504867
101951.73783261928
102122.73011595495
102129.71500196372
102196.04729364364
102200.55941980676
102326.95162761913
102373.95429335356
102457.66592000767
102551.63867751767
102561.59563180691
102861.71208841422
102992.71308519694
102992.71308519694
103028.46114706449
103111.65265847926
103179.16642890393
103537.5156492222
103537.5156492222
103935.86945256818
104274.93844240555
104319.00648560764
104449.59981045207
104938.738093488
104977.609132052
104977.609132052
105108.4001708588
105129.05312587299
105129.05312587299
105362.65667516705
105362.65667516705
105444.43485894812
105644.13011352062
105735.34142391081
105914.7440428861
105914.7440428861
106046.73652783879
106046.73652783879
106180.89017860428
106293.18175975155
106330.11563511136
106544.06918469867
106691.61448869239
106803.79876153165
106971.62626462127
107166.1422204148
107295.58949858404
107433.87196062249
107625.37079837246
107893.63055254098
108093.48849862628
108113.01675134187
108114.33972167478
108707.0970792292
108906.18883413992
109482.43194514714
109617.55081478084
109691.3161725734
109782.71855736966
109928.0387041424
109968.03183099073
110225.74273186033
110274.28468429783
110565.23457933207
110738.71464475522
110852.76540870927
110999.7894359296
111139.27300520016
111577.92223815736
111648.94824902601
112248.94414921956
112429.9621118036
112468.172945834
112866.70601031031
112886.19830759583
113391.46079314954
113749.05809950476
113953.18090345529
113958.70512839184
114027.97823826637
114144.89245892147
114409.85072224347
114460.30666278867
114500.69389709485
114571.42768533353
115029.78265577383
115092.99657819062
115286.27762012987
115447.13065569205
115487.658686627
115511.3219447111
116139.51641798897
116370.54460527375
116672.45725975995
116728.03073239698
116982.98704614186
117175.93893470544
117817.10849909617
119017.80372035777
119017.80372035777
119514.32638737821
119693.20948288769
119871.35494968973
119953.80836753362
120447.98973809218
121241.55361686743
121670.59862078582
121731.93620333383
121909.84727663684
121925.11395571452
122165.66483318554
122421.13439659556
122678.96220842568
123662.23463936705
124439.1178504263
124564.026798104
124617.1405273249
124879.09501140742
125121.20330527858
125137.47811365426
125168.8684371677
125668.20138968939
125973.61818496513
126417.13390019143
126519.83868127113
127518.62521231793
127654.76608747586
128450.36262196393
129273.77350098766
129638.13920763957
130827.70386302848
131573.42495636936
132691.96181066235
134644.21870921899
135053.42915135028
135570.49486408933
135696.26353554789
136566.7991171483
137693.9896199842
139557.8664212291
150894.6549147896
157630.06769140976
161488.08377746982
